2 0
4 0
6 0
8 0
10 0
12 0
14 0
16 0
18 0
20 0
22 0
24 0
26 0
28 0
30 1
32 0
34 2
36 2
38 1
40 1
42 2
44 3
46 2
48 3
50 2
52 3
54 5
56 3
58 3
60 3
62 3
64 4
66 4
68 4
70 6
72 5
74 5
76 5
78 5
80 5
82 5
84 6
86 6
88 7
90 9
92 7
94 8
96 8
98 7
100 8
102 6
104 8
106 8
108 8
110 9
112 8
114 6
116 10
118 8
120 10
122 9
124 9
126 8
128 11
130 9
132 10
134 8
136 9
138 9
140 10
142 11
144 10
146 11
148 10
150 10
152 11
154 12
156 13
158 11
160 12
162 13
164 13
166 11
168 11
170 15
172 13
174 13
176 14
178 14
180 12
182 13
184 13
186 13
188 13
190 13
192 13
194 15
196 13
198 13
200 14
202 12
204 13
206 13
208 14
210 14
212 16
214 16
216 14
218 15
220 14
222 16
224 16
226 15
228 15
230 16
232 16
234 18
236 15
238 16
240 16
242 17
244 17
246 15
248 17
250 18
252 16
254 16
256 17
258 17
260 18
262 19
264 17
266 18
268 18
270 18
272 19
274 18
276 19
278 18
280 19
282 19
284 18
286 19
288 19
290 19
292 20
294 19
296 19
298 21
300 17
302 22
304 19
306 20
308 18
310 21
312 18
314 20
316 19
318 19
320 22
322 20
324 21
326 21
328 20
330 20
332 20
334 20
336 22
338 22
340 21
342 22
344 19
346 20
348 19
350 21
352 22
354 21
356 22
358 23
360 22
362 22
364 21
366 21
368 23
370 21
372 24
374 23
376 23
378 23
380 22
382 23
384 22
386 22
388 21
390 22
392 23
394 24
396 24
398 24
400 23
