6 3
12 12
18 18
24 24
30 24
36 27
42 33
48 36
54 42
60 36
66 54
72 48
78 63
84 63
90 57
96 66
102 72
108 66
114 60
120 69
126 78
132 78
138 87
144 78
150 78
156 81
162 81
168 81
174 96
180 87
186 102
192 108
198 90
204 90
210 99
216 114
222 123
228 102
234 120
240 120
246 117
252 123
258 120
264 132
270 123
276 132
282 123
288 120
294 120
300 153
306 141
312 141
318 138
324 135
330 147
336 138
342 144
348 156
354 162
360 156
366 141
372 150
378 144
384 159
390 165
396 144
402 159
408 183
414 147
420 195
426 147
432 147
438 159
444 168
450 186
456 177
462 162
468 177
474 165
