
0 2693 91

1 1867 76

2 1526 71

3 1362 69

4 1122 59

5 1010 48

6 935 48

7 876 48

8 817 48

9 790 41

10 777 41

11 709 38

12 689 38

13 648 38

14 620 38

15 581 35

16 543 28

17 515 27

18 494 27

19 444 27

20 395 27

21 374 27

22 357 25

23 340 25

24 322 25

25 320 25

26 300 22

27 288 22

28 286 20

29 284 20

30 272 20

31 259 20

32 249 20

33 247 20

34 245 19

35 243 19

36 236 16

37 235 16

38 226 16

39 225 16

40 222 13

41 221 13

42 214 13

43 213 13

44 207 13

45 192 13

46 176 10

47 174 10

48 167 8

49 163 8

50 161 8

51 154 8

52 153 8

53 151 8

54 148 8

55 143 8

56 135 8

57 131 8

58 131 8

59 129 8

60 129 8

61 128 8

62 128 8

63 128 8

64 123 8

65 122 8

66 121 8

67 116 6

68 116 6

69 116 6

70 116 6

71 116 6

72 115 6

73 112 6

74 111 6

75 110 6

76 109 6

77 107 6

78 101 6

79 100 6

80 100 6

81 98 6

82 94 6

83 93 6

84 92 6

85 92 6

86 92 6

87 91 6

88 91 6

89 91 6

90 91 6

91 87 6

92 86 6

93 83 6

94 82 6

95 82 6

96 82 6

97 81 6

98 80 6

99 80 6

100 80 6

101 77 6

102 77 6

103 76 5

104 75 5

105 75 5

106 74 5

107 73 5

108 73 5

109 73 5

110 73 5

111 73 5

112 73 5

113 73 5

114 73 5

115 73 5

116 73 5

117 73 5

118 73 5

119 72 5

120 72 5

121 72 5

122 71 5

123 69 4

124 66 4

125 64 4

126 63 4

127 60 4

128 59 4

129 59 4

130 58 3

131 58 3

132 58 3

133 58 3

134 55 3

135 54 3

136 54 3

137 54 3

138 54 3

139 54 3

140 54 3

141 53 3

142 53 3

143 53 3

144 53 3

145 51 3

146 50 3

147 50 3

148 50 3

149 50 3

150 50 3

151 50 3

152 50 3

153 50 3

154 50 3

155 49 3

156 49 3

157 48 3

158 47 3

159 47 3

160 46 3

161 46 3

162 45 3

163 44 3

164 44 3

165 44 3

166 43 3

167 42 3

168 42 3

169 41 3

170 41 3

171 41 3

172 41 3

173 41 3

174 37 3

175 35 3

176 35 3

177 34 3

178 34 3

179 33 3

180 32 2

181 32 2

182 32 2

183 32 2

184 31 2

185 31 2

186 31 2

187 31 2

188 31 2

189 31 2

190 31 2

191 31 2

192 31 2

193 29 2

194 28 2

195 28 2

196 28 2

197 28 2

198 28 2

199 28 2

200 27 2

201 27 2

202 27 2

203 27 2

204 27 2

205 27 2

206 27 2

207 27 2

208 26 2

209 26 2

210 26 2

211 25 2

212 25 2

213 25 2

214 25 2

215 25 2

216 24 2

217 24 2

218 24 2

219 24 2

220 24 2

221 24 2

222 24 2

223 24 2

224 24 2

225 24 2

226 24 2

227 24 2

228 24 2

229 24 2

230 24 2

231 24 2

232 24 2

233 23 2

234 23 2

235 23 2

236 23 2

237 23 2

238 22 2

239 21 2

240 20 2

241 19 2

242 18 2

243 18 2

244 17 2

245 16 2

246 16 2

247 16 2

248 16 2

249 16 2

250 16 2

251 16 2

252 16 2

253 16 2

254 16 2

255 15 2

256 15 2

257 15 2

258 15 2

259 15 2

260 13 2

261 13 2

262 13 2

263 13 2

264 13 2

265 13 2

266 13 2

267 13 2

268 13 2

269 13 2

270 12 2

271 12 2

272 11 2

273 11 2

274 11 2

275 11 2

276 11 2

277 11 2

278 10 2

279 10 2

280 10 2

281 10 2

282 10 2

283 10 2

284 10 2

285 10 2

286 10 2

287 10 2

288 10 2

289 10 2

290 10 2

291 9 2

292 9 2

293 8 2

294 8 2

295 8 2

296 8 2

297 8 2

298 8 2

299 8 2

300 8 2

301 8 2

302 8 2

303 8 2

304 8 2

305 8 2

306 7 2

307 7 2

308 7 2

309 7 2

310 7 2

311 7 2

312 7 2

313 7 2

314 7 2

315 7 2

316 7 2

317 7 2

318 7 2

319 7 2

320 7 2

321 6 2

322 6 2

323 6 2

324 6 2

325 6 2

326 6 2

327 6 2

328 6 2

329 6 2

330 6 2

331 6 2

332 6 2

333 6 2

334 5 2

335 5 2

336 5 2

337 5 2

338 5 2

339 5 2

340 5 2

341 5 2

342 5 2

343 5 2

344 5 2

345 5 2

346 5 2

347 5 2

348 5 2

349 5 2

350 4 2

351 4 2

352 4 2

353 4 2

354 4 2

355 4 2

356 4 2

357 4 2

358 4 2

359 4 2

360 4 2

361 4 2

362 4 2

363 4 2

364 4 2

365 4 2

366 4 2

367 4 2

368 4 2

369 4 2

370 4 2

371 4 2

372 4 2

373 4 2

374 4 2

375 4 2

376 4 2

377 4 2

378 4 2

379 4 2

380 4 2

381 4 2

382 4 2

383 4 2

384 4 2

385 4 2

386 4 2

387 4 2

388 4 2

389 4 2

390 4 2

391 4 2

392 4 2

393 4 2

394 4 2

395 4 2

396 4 2

397 4 2

398 4 2

399 4 2

400 4 2

401 4 2

402 4 2

403 4 2

404 4 2

405 4 2

406 4 2

407 4 2

408 4 2

409 4 2

410 4 2

411 4 2

412 4 2

413 4 2

414 4 2

415 4 2

416 4 2

417 4 2

418 4 2

419 4 2

420 4 2

421 4 2

422 4 2

423 4 2

424 4 2

425 4 2

426 4 2

427 4 2

428 4 2

429 4 2

430 4 2

431 4 2

432 4 2

433 4 2

434 4 2

435 4 2

436 4 2

437 4 2

438 4 2

439 4 2

440 4 2

441 4 2

442 4 2

443 4 2

444 3 1

445 3 1

446 3 1

447 3 1

448 3 1

449 3 1

450 3 1

451 3 1

452 3 1

453 3 1

454 3 1

455 3 1

456 3 1

457 3 1

458 3 1

459 3 1

460 3 1

461 3 1

462 3 1

463 3 1

464 3 1

465 3 1

466 3 1

467 3 1

468 3 1

469 3 1

470 3 1

471 3 1

472 3 1

473 3 1

474 3 1

475 3 1

476 3 1

477 3 1

478 3 1

479 3 1

480 3 1

481 3 1

482 3 1

483 3 1

484 3 1

485 2 1

486 2 1

487 2 1

488 2 1

489 2 1

490 2 1

491 2 1

492 2 1

493 2 1

494 2 1

495 2 1

496 2 1

497 2 1

498 2 1

499 2 1

500 2 1

501 2 1

502 2 1

503 2 1

504 2 1

505 2 1

506 2 1

507 2 1

508 2 1

509 2 1

510 2 1

511 2 1

512 2 1

513 2 1

514 2 1

515 2 1

516 2 1

517 2 1

518 2 1

519 2 1

520 2 1

521 2 1

522 2 1

523 2 1

524 2 1

525 2 1

526 2 1

527 2 1

528 2 1

529 2 1

530 2 1

531 2 1

532 2 1

533 2 1

534 2 1

535 2 1

536 2 1

537 2 1

538 2 1

539 2 1

540 2 1

541 2 1

542 2 1

543 2 1

544 2 1

545 2 1

546 2 1

547 1 1

548 1 1

549 1 1

550 1 1

551 1 1

552 1 1

553 1 1

554 1 1

555 1 1

556 1 1

557 1 1

558 1 1

559 1 1

560 1 1

561 1 1

562 1 1

563 1 1

564 1 1

565 1 1

566 1 1

567 1 1

568 1 1

569 1 1

570 1 1

571 1 1

572 1 1

573 1 1

574 1 1

575 1 1

576 1 1

577 1 1

578 1 1

579 1 1

580 1 1

581 1 1

582 1 1

583 1 1

584 1 1

585 1 1

586 1 1

587 1 1

588 1 1

589 1 1

590 1 1

591 1 1

592 1 1

593 1 1

594 1 1

595 1 1

596 1 1

597 1 1

598 1 1

599 1 1

600 1 1

601 1 1

602 1 1

603 1 1

604 1 1

605 1 1

606 1 1

607 1 1

608 1 1

609 1 1

610 1 1

611 1 1

612 1 1

613 1 1

614 1 1

615 1 1

616 1 1

617 1 1

618 1 1

619 1 1

620 1 1

621 1 1

622 1 1

623 1 1

624 1 1

625 1 1

626 1 1

627 1 1

628 1 1

629 1 1

630 1 1

631 1 1

632 1 1

633 1 1

634 1 1

635 1 1

636 1 1

637 1 1

638 1 1

639 1 1

640 1 1

641 1 1

642 1 1

643 1 1

644 1 1

645 1 1

646 1 1

647 1 1

648 1 1

649 1 1

650 1 1

651 1 1

652 1 1

653 1 1

654 1 1

655 1 1

656 1 1

657 1 1

658 1 1

659 1 1

660 1 1

661 1 1

662 1 1

663 1 1

664 1 1

665 1 1

666 1 1

667 1 1

668 1 1

669 1 1

670 1 1

671 1 1

672 1 1

673 1 1

674 1 1

675 1 1

676 1 1

677 1 1

678 1 1

679 1 1

680 1 1

681 1 1

682 1 1

683 1 1

684 1 1

685 1 1

686 1 1

687 1 1

688 1 1

689 1 1

690 1 1

691 1 1

692 1 1

693 1 1

694 1 1

695 1 1

696 1 1

697 1 1

698 1 1

699 1 1

700 1 1

701 1 1

702 1 1

703 1 1

704 1 1

705 1 1

706 1 1

707 1 1

708 1 1

709 1 1

710 1 1

711 1 1

712 1 1

713 1 1

714 1 1

715 1 1

716 1 1

717 1 1

718 1 1

719 1 1

720 1 1

721 1 1

722 1 1

723 1 1

724 1 1

725 1 1

726 1 1

727 1 1

728 1 1

729 1 1

730 1 1

731 1 1

732 1 1

733 1 1

734 1 1

735 1 1

736 1 1

737 1 1

738 1 1

739 1 1

740 1 1

741 1 1

742 1 1

743 1 1

744 1 1

745 1 1

746 1 1

747 1 1

748 1 1

749 1 1

750 1 1

751 1 1

752 1 1

753 1 1

754 1 1

755 1 1

756 1 1

757 1 1

758 1 1

759 1 1

760 1 1

761 1 1

762 1 1

763 1 1

764 1 1

765 1 1

766 1 1

767 1 1

768 1 1

769 1 1

770 1 1

771 1 1

772 1 1

773 1 1

774 1 1

775 1 1

776 1 1

777 1 1

778 1 1

779 1 1

780 1 1

781 1 1

782 1 1

783 1 1

784 1 1
100 785
